5	6	1
0	8	1
9	14	1
10	14	1
6	16	1
6	18	1
6	19	1
16	19	1
20	21	1
8	24	1
15	24	1
8	25	1
15	25	1
1	26	1
8	26	1
9	26	1
10	26	1
15	26	1
14	27	1
24	27	1
25	27	1
2	31	1
13	31	1
3	32	1
7	32	1
13	32	1
16	32	1
17	32	1
18	32	1
19	32	1
26	32	1
27	32	1
1	33	1
8	33	1
9	33	1
10	33	1
15	33	1
32	33	1
40	41	1
41	42	1
38	44	1
38	45	1
42	46	1
40	50	1
40	51	1
40	52	1
40	53	1
41	55	1
47	55	1
48	55	1
50	55	1
52	55	1
48	56	1
41	57	1
42	57	1
50	57	1
51	57	1
52	57	1
53	57	1
67	68	1
11	72	1
12	72	1
65	76	1
75	77	1
65	79	1
66	79	1
58	80	1
65	80	1
61	85	1
37	87	1
65	87	1
86	87	1
61	88	1
84	88	1
86	88	1
37	89	1
66	89	1
84	89	1
68	91	1
83	91	1
58	96	1
59	97	1
72	97	1
60	98	1
62	98	1
63	98	1
58	100	1
79	100	1
58	101	1
65	101	1
37	102	1
61	102	1
77	102	1
98	106	1
58	107	1
79	107	1
69	114	1
91	114	1
112	115	1
105	116	1
110	116	1
108	118	1
110	118	1
91	119	1
113	119	1
105	120	1
110	120	1
108	121	1
110	121	1
113	121	1
122	123	1
122	124	1
61	125	1
68	126	1
61	128	1
114	128	1
119	128	1
109	129	1
64	130	1
109	130	1
124	130	1
78	131	1
80	131	1
95	131	1
97	131	1
101	131	1
130	131	1
78	132	1
80	132	1
101	132	1
78	133	1
80	133	1
93	133	1
101	133	1
78	134	1
80	134	1
93	134	1
101	134	1
130	134	1
131	134	1
80	135	1
99	135	1
101	135	1
129	135	1
97	136	1
81	137	1
82	137	1
96	137	1
100	137	1
106	137	1
107	137	1
124	138	1
126	140	1
126	141	1
126	143	1
126	144	1
58	145	1
65	145	1
79	145	1
137	145	1
91	146	1
127	147	1
114	148	1
115	148	1
119	148	1
122	148	1
123	148	1
146	150	1
147	150	1
61	151	1
68	151	1
140	151	1
143	151	1
112	153	1
40	155	1
54	155	1
55	155	1
56	155	1
57	155	1
64	155	1
65	155	1
68	155	1
70	155	1
80	155	1
82	155	1
83	155	1
90	155	1
91	155	1
92	155	1
93	155	1
94	155	1
95	155	1
96	155	1
104	155	1
107	155	1
110	155	1
113	155	1
114	155	1
115	155	1
117	155	1
118	155	1
119	155	1
120	155	1
121	155	1
122	155	1
123	155	1
124	155	1
128	155	1
130	155	1
131	155	1
132	155	1
133	155	1
136	155	1
140	155	1
143	155	1
145	155	1
146	155	1
147	155	1
148	155	1
155	157	1
155	158	1
151	159	1
155	159	1
152	160	1
154	160	1
155	160	1
156	161	1
160	161	1
130	162	1
155	163	1
155	166	1
155	167	1
21	170	1
155	170	1
169	170	1
155	171	1
167	174	1
167	177	1
168	177	1
155	178	1
164	178	1
167	178	1
155	180	1
155	181	1
170	181	1
180	181	1
182	183	1
177	184	1
164	185	1
184	185	1
165	186	1
184	187	1
164	189	1
177	189	1
164	190	1
167	190	1
155	191	1
155	192	1
21	193	1
155	193	1
175	194	1
155	195	1
187	197	1
155	198	1
164	198	1
177	198	1
155	201	1
155	205	1
181	205	1
155	206	1
203	206	1
196	207	1
201	207	1
155	208	1
155	209	1
199	209	1
201	209	1
155	210	1
181	210	1
204	210	1
155	211	1
196	211	1
201	211	1
155	212	1
199	212	1
201	212	1
204	212	1
155	213	1
155	214	1
213	214	1
155	215	1
213	215	1
20	216	1
170	217	1
20	218	1
155	218	1
205	218	1
210	218	1
200	219	1
155	220	1
176	220	1
178	220	1
183	220	1
186	220	1
190	220	1
197	220	1
155	221	1
176	221	1
178	221	1
190	221	1
155	222	1
176	222	1
178	222	1
183	222	1
190	222	1
176	223	1
178	223	1
183	223	1
190	223	1
197	223	1
220	223	1
178	224	1
188	224	1
190	224	1
219	224	1
186	225	1
179	226	1
184	226	1
185	226	1
189	226	1
197	226	1
198	226	1
177	227	1
185	227	1
226	227	1
215	228	1
21	230	1
217	230	1
217	231	1
21	233	1
217	233	1
217	234	1
155	235	1
164	235	1
177	235	1
226	235	1
150	236	1
150	237	1
155	237	1
155	238	1
205	238	1
206	238	1
210	238	1
213	238	1
214	238	1
239	240	1
247	248	1
241	255	1
242	255	1
244	257	1
251	258	1
241	263	1
245	267	1
262	267	1
261	271	1
244	273	1
249	274	1
241	277	1
275	277	1
279	280	1
274	281	1
271	287	1
251	288	1
273	288	1
274	288	1
289	292	1
255	293	1
255	295	1
255	296	1
278	296	1
22	297	1
156	297	1
160	297	1
161	297	1
46	306	1
245	314	1
313	314	1
58	317	1
94	317	1
96	317	1
164	317	1
185	317	1
312	317	1
36	322	1
194	323	1
200	323	1
327	328	1
322	330	1
41	332	1
50	332	1
52	332	1
156	333	1
161	333	1
298	334	1
91	337	1
102	337	1
108	337	1
110	337	1
113	337	1
125	337	1
128	337	1
131	337	1
155	337	1
181	337	1
194	337	1
199	337	1
201	337	1
204	337	1
216	337	1
218	337	1
220	337	1
336	337	1
127	338	1
331	338	1
78	339	1
80	339	1
97	339	1
101	339	1
176	339	1
178	339	1
186	339	1
190	339	1
197	339	1
80	340	1
115	340	1
178	340	1
321	340	1
339	340	1
23	346	1
23	351	1
6	354	1
8	354	1
18	354	1
24	354	1
25	354	1
26	354	1
27	354	1
28	354	1
29	354	1
30	354	1
32	354	1
33	354	1
34	354	1
35	354	1
155	354	1
97	355	1
330	359	1
61	360	1
155	360	1
359	360	1
358	361	1
364	365	1
258	371	1
372	373	1
373	374	1
155	375	1
363	375	1
250	376	1
281	376	1
288	376	1
65	378	1
80	378	1
93	378	1
96	378	1
101	378	1
137	378	1
145	378	1
155	378	1
167	378	1
178	378	1
183	378	1
185	378	1
190	378	1
226	378	1
235	378	1
4	379	1
381	383	1
2	385	1
17	385	1
24	385	1
25	385	1
26	385	1
33	385	1
80	388	1
93	388	1
96	388	1
100	388	1
101	388	1
137	388	1
145	388	1
178	388	1
183	388	1
184	388	1
185	388	1
189	388	1
190	388	1
226	388	1
227	388	1
235	388	1
317	388	1
378	388	1
343	390	1
74	391	1
91	391	1
155	391	1
172	391	1
181	391	1
330	393	1
393	394	1
334	396	1
347	396	1
241	397	1
248	397	1
255	397	1
363	400	1
364	400	1
399	400	1
274	401	1
376	401	1
396	402	1
396	404	1
396	407	1
396	409	1
396	410	1
396	411	1
396	412	1
396	413	1
155	414	1
396	415	1
317	418	1
416	418	1
46	419	1
68	419	1
70	419	1
170	419	1
171	419	1
4	421	1
301	421	1
363	421	1
4	423	1
421	423	1
422	423	1
423	424	1
4	425	1
421	425	1
334	427	1
396	427	1
327	428	1
421	428	1
423	428	1
425	428	1
428	429	1
423	430	1
425	430	1
421	431	1
421	432	1
359	434	1
346	435	1
392	439	1
416	441	1
426	441	1
396	443	1
405	443	1
413	443	1
415	443	1
155	444	1
350	444	1
353	444	1
363	444	1
393	444	1
435	444	1
436	444	1
420	445	1
301	448	1
444	449	1
155	450	1
117	452	1
208	452	1
387	454	1
452	454	1
365	455	1
23	457	1
102	468	1
194	468	1
444	468	1
352	469	1
445	471	1
20	474	1
61	474	1
444	474	1
205	476	1
210	476	1
337	476	1
360	478	1
155	479	1
436	479	1
360	480	1
23	482	1
64	482	1
68	482	1
70	482	1
114	482	1
119	482	1
122	482	1
123	482	1
150	482	1
166	482	1
170	482	1
171	482	1
205	482	1
210	482	1
213	482	1
214	482	1
435	482	1
138	483	1
228	483	1
341	483	1
479	483	1
481	483	1
100	484	1
107	484	1
145	484	1
189	484	1
198	484	1
400	485	1
444	485	1
326	486	1
359	486	1
363	486	1
400	486	1
402	486	1
421	486	1
400	487	1
486	487	1
483	489	1
390	491	1
359	492	1
392	492	1
393	492	1
469	494	1
438	496	1
393	499	1
493	499	1
496	499	1
499	500	1
298	503	1
348	503	1
349	503	1
390	503	1
396	503	1
430	503	1
493	503	1
504	506	1
393	507	1
64	508	1
124	508	1
393	508	1
393	509	1
88	510	1
393	510	1
88	511	1
393	511	1
508	511	1
155	512	1
358	513	1
423	514	1
363	515	1
423	515	1
425	515	1
486	515	1
356	519	1
395	519	1
357	520	1
363	521	1
516	521	1
517	521	1
518	521	1
155	522	1
395	523	1
262	525	1
267	525	1
377	528	1
299	531	1
458	531	1
460	531	1
516	531	1
519	531	1
299	532	1
459	532	1
461	532	1
517	532	1
520	532	1
396	533	1
32	535	1
399	535	1
517	535	1
445	536	1
471	538	1
78	539	1
98	539	1
176	539	1
187	539	1
61	541	1
336	541	1
359	541	1
393	541	1
267	543	1
535	544	1
117	546	1
208	546	1
453	547	1
241	548	1
397	548	1
401	548	1
265	551	1
414	552	1
414	553	1
390	554	1
414	554	1
414	555	1
302	556	1
414	556	1
552	558	1
556	558	1
414	559	1
335	560	1
556	561	1
557	561	1
558	561	1
414	562	1
558	562	1
561	562	1
414	563	1
558	563	1
561	563	1
557	564	1
559	564	1
562	564	1
332	567	1
38	568	1
39	569	1
40	571	1
54	571	1
155	571	1
43	572	1
44	572	1
155	572	1
570	572	1
55	574	1
43	576	1
39	577	1
44	577	1
440	577	1
43	579	1
155	579	1
55	581	1
155	581	1
55	583	1
56	583	1
155	583	1
580	583	1
55	584	1
155	584	1
582	584	1
155	585	1
49	586	1
55	586	1
155	586	1
41	587	1
155	587	1
40	589	1
53	589	1
54	589	1
57	589	1
155	589	1
40	590	1
57	590	1
155	590	1
529	594	1
308	595	1
300	596	1
593	596	1
528	597	1
529	597	1
542	597	1
592	597	1
596	597	1
525	598	1
595	598	1
528	599	1
528	600	1
595	602	1
602	604	1
603	604	1
603	605	1
604	606	1
605	607	1
594	608	1
599	609	1
608	609	1
598	610	1
496	612	1
516	613	1
517	613	1
519	613	1
520	613	1
110	614	1
117	614	1
201	614	1
208	614	1
576	615	1
18	617	1
4	618	1
423	618	1
425	618	1
555	619	1
613	619	1
423	620	1
425	620	1
618	620	1
359	621	1
359	623	1
444	624	1
155	625	1
444	625	1
467	625	1
163	626	1
359	626	1
345	627	1
366	627	1
437	627	1
464	627	1
469	627	1
494	627	1
501	627	1
534	627	1
627	628	1
396	630	1
619	630	1
629	630	1
626	631	1
444	632	1
508	632	1
509	632	1
511	632	1
612	632	1
623	632	1
299	635	1
302	635	1
630	635	1
282	636	1
540	637	1
276	638	1
516	639	1
395	640	1
400	641	1
521	642	1
511	643	1
340	644	1
325	645	1
322	647	1
359	647	1
80	648	1
107	648	1
178	648	1
198	648	1
316	648	1
331	648	1
465	648	1
76	649	1
145	649	1
174	649	1
235	649	1
316	649	1
465	649	1
465	654	1
483	654	1
649	654	1
649	655	1
465	656	1
576	657	1
327	658	1
328	658	1
428	658	1
430	658	1
518	658	1
613	658	1
620	658	1
657	659	1
39	661	1
44	661	1
331	666	1
337	666	1
338	666	1
339	666	1
340	666	1
341	666	1
395	666	1
444	666	1
650	667	1
651	667	1
653	667	1
304	668	1
390	668	1
399	668	1
535	668	1
612	668	1
619	668	1
642	668	1
155	670	1
383	672	1
428	672	1
486	672	1
620	672	1
111	673	1
202	673	1
395	673	1
666	673	1
651	674	1
667	674	1
653	675	1
674	675	1
24	676	1
25	676	1
30	676	1
155	676	1
156	676	1
240	676	1
320	676	1
334	676	1
343	676	1
347	676	1
359	676	1
364	676	1
365	676	1
368	676	1
369	676	1
370	676	1
374	676	1
379	676	1
380	676	1
381	676	1
382	676	1
396	676	1
402	676	1
403	676	1
404	676	1
405	676	1
406	676	1
407	676	1
408	676	1
409	676	1
410	676	1
411	676	1
412	676	1
413	676	1
414	676	1
415	676	1
422	676	1
424	676	1
425	676	1
430	676	1
436	676	1
442	676	1
444	676	1
445	676	1
475	676	1
490	676	1
493	676	1
497	676	1
503	676	1
507	676	1
508	676	1
509	676	1
512	676	1
523	676	1
526	676	1
527	676	1
533	676	1
535	676	1
538	676	1
540	676	1
544	676	1
567	676	1
568	676	1
569	676	1
570	676	1
571	676	1
572	676	1
573	676	1
575	676	1
576	676	1
577	676	1
578	676	1
581	676	1
582	676	1
583	676	1
584	676	1
585	676	1
586	676	1
587	676	1
588	676	1
589	676	1
590	676	1
619	676	1
620	676	1
625	676	1
627	676	1
630	676	1
633	676	1
658	676	1
660	676	1
662	676	1
664	676	1
665	676	1
666	676	1
668	676	1
672	676	1
23	677	1
359	679	1
36	680	1
330	680	1
392	680	1
626	680	1
647	680	1
359	681	1
680	681	1
359	682	1
486	682	1
627	683	1
359	685	1
486	685	1
367	686	1
456	686	1
634	687	1
636	687	1
445	688	1
560	688	1
627	689	1
679	690	1
117	691	1
208	691	1
322	691	1
330	691	1
680	691	1
377	692	1
260	694	1
397	694	1
304	698	1
36	700	1
150	700	1
392	700	1
626	700	1
23	701	1
700	701	1
23	702	1
346	702	1
351	702	1
482	702	1
700	702	1
337	704	1
339	704	1
23	705	1
303	705	1
337	705	1
338	705	1
339	705	1
340	705	1
341	705	1
450	705	1
479	705	1
670	705	1
337	707	1
338	707	1
340	707	1
341	707	1
342	707	1
102	708	1
131	708	1
134	708	1
155	708	1
61	709	1
337	709	1
541	709	1
73	710	1
139	710	1
155	710	1
158	710	1
350	710	1
435	710	1
449	710	1
483	710	1
661	710	1
676	710	1
155	711	1
486	711	1
676	711	1
703	711	1
65	712	1
86	712	1
102	712	1
103	712	1
124	712	1
148	712	1
155	712	1
158	712	1
306	712	1
444	712	1
676	712	1
103	713	1
124	713	1
148	713	1
155	713	1
158	713	1
306	713	1
155	714	1
486	714	1
155	716	1
158	716	1
435	716	1
444	716	1
482	716	1
483	716	1
624	716	1
676	716	1
105	717	1
108	717	1
112	717	1
114	717	1
119	717	1
337	717	1
711	718	1
124	719	1
148	719	1
676	719	1
711	721	1
711	723	1
73	724	1
138	724	1
155	724	1
435	724	1
444	724	1
483	724	1
676	724	1
710	724	1
155	725	1
486	725	1
676	725	1
117	726	1
155	726	1
157	726	1
444	726	1
486	726	1
516	726	1
641	726	1
657	726	1
676	726	1
720	726	1
722	726	1
486	727	1
726	727	1
155	729	1
482	729	1
483	729	1
507	729	1
676	729	1
710	729	1
724	729	1
725	729	1
676	730	1
726	731	1
711	732	1
64	733	1
124	733	1
129	733	1
148	733	1
676	733	1
155	734	1
486	734	1
102	735	1
111	735	1
155	735	1
326	735	1
435	735	1
450	735	1
479	735	1
482	735	1
486	735	1
624	735	1
625	735	1
666	735	1
671	735	1
705	735	1
706	735	1
707	735	1
727	735	1
23	736	1
155	736	1
303	736	1
326	736	1
435	736	1
450	736	1
479	736	1
483	736	1
484	736	1
486	736	1
624	736	1
666	736	1
705	736	1
707	736	1
727	736	1
676	737	1
130	738	1
468	738	1
676	738	1
676	739	1
64	740	1
124	740	1
131	740	1
132	740	1
134	740	1
138	740	1
155	740	1
676	740	1
737	740	1
97	741	1
124	741	1
134	741	1
155	741	1
676	741	1
64	742	1
124	742	1
131	742	1
133	742	1
134	742	1
138	742	1
155	742	1
676	742	1
739	742	1
155	743	1
444	743	1
482	743	1
676	743	1
102	744	1
124	744	1
131	744	1
155	744	1
676	744	1
102	745	1
155	745	1
676	745	1
726	746	1
676	747	1
155	748	1
482	748	1
676	748	1
124	749	1
148	749	1
326	749	1
450	749	1
483	749	1
486	749	1
705	749	1
728	749	1
435	750	1
450	750	1
479	750	1
482	750	1
486	750	1
624	750	1
625	750	1
666	750	1
671	750	1
705	750	1
726	751	1
119	752	1
124	752	1
724	752	1
751	752	1
148	753	1
710	753	1
711	753	1
716	753	1
724	753	1
337	754	1
541	754	1
124	755	1
148	755	1
676	755	1
718	755	1
715	757	1
756	757	1
61	758	1
69	758	1
71	758	1
61	759	1
726	760	1
711	761	1
65	762	1
66	762	1
84	762	1
85	762	1
86	762	1
102	762	1
103	762	1
124	762	1
148	762	1
155	762	1
159	762	1
306	762	1
444	762	1
676	762	1
708	762	1
758	762	1
759	762	1
435	763	1
65	764	1
66	764	1
84	764	1
86	764	1
102	764	1
103	764	1
124	764	1
148	764	1
155	764	1
159	764	1
306	764	1
419	764	1
444	764	1
676	764	1
708	764	1
759	764	1
552	765	1
556	765	1
563	765	1
65	766	1
66	766	1
77	766	1
102	766	1
131	766	1
145	766	1
167	766	1
168	766	1
175	766	1
194	766	1
220	766	1
235	766	1
155	767	1
359	767	1
661	767	1
710	767	1
155	768	1
486	768	1
487	768	1
155	769	1
155	772	1
344	772	1
400	772	1
435	772	1
486	772	1
624	772	1
657	772	1
155	773	1
767	773	1
360	774	1
541	774	1
716	774	1
155	775	1
360	775	1
470	775	1
541	775	1
716	775	1
155	776	1
155	777	1
772	780	1
779	780	1
482	782	1
150	783	1
639	783	1
781	783	1
146	784	1
150	784	1
564	785	1
155	786	1
711	786	1
735	786	1
736	786	1
155	787	1
346	787	1
359	787	1
427	787	1
444	787	1
710	787	1
711	787	1
725	787	1
726	787	1
735	787	1
736	787	1
749	787	1
750	787	1
768	787	1
772	787	1
778	787	1
359	789	1
788	789	1
155	790	1
359	790	1
787	790	1
155	791	1
359	791	1
359	792	1
711	792	1
725	792	1
735	792	1
736	792	1
749	792	1
750	792	1
768	792	1
790	792	1
155	793	1
319	793	1
359	793	1
364	793	1
375	793	1
421	793	1
676	793	1
711	793	1
714	793	1
735	793	1
736	793	1
749	793	1
750	793	1
155	794	1
317	794	1
398	794	1
414	796	1
440	796	1
491	796	1
503	796	1
676	796	1
516	797	1
517	797	1
622	797	1
640	797	1
786	797	1
787	797	1
791	797	1
793	797	1
794	797	1
155	798	1
349	798	1
351	798	1
364	798	1
444	798	1
515	798	1
797	798	1
155	799	1
678	799	1
797	799	1
787	800	1
798	800	1
155	801	1
364	801	1
444	801	1
515	801	1
676	801	1
678	801	1
797	801	1
798	801	1
155	802	1
797	802	1
800	802	1
702	803	1
755	804	1
700	805	1
155	806	1
365	806	1
444	806	1
700	806	1
797	806	1
800	806	1
803	806	1
155	807	1
344	807	1
797	807	1
311	808	1
641	808	1
676	808	1
640	809	1
421	810	1
642	810	1
807	810	1
119	811	1
122	811	1
124	811	1
148	811	1
155	811	1
157	811	1
158	811	1
159	811	1
191	811	1
192	811	1
193	811	1
210	811	1
213	811	1
215	811	1
238	811	1
670	811	1
724	811	1
726	811	1
797	811	1
155	812	1
797	812	1
800	812	1
640	813	1
155	814	1
797	814	1
800	814	1
23	815	1
46	815	1
68	815	1
69	815	1
117	815	1
140	815	1
143	815	1
155	815	1
170	815	1
208	815	1
230	815	1
233	815	1
303	815	1
304	815	1
359	815	1
414	815	1
427	815	1
444	815	1
450	815	1
483	815	1
508	815	1
509	815	1
510	815	1
511	815	1
576	815	1
612	815	1
619	815	1
620	815	1
621	815	1
623	815	1
624	815	1
625	815	1
626	815	1
627	815	1
628	815	1
633	815	1
637	815	1
659	815	1
676	815	1
677	815	1
679	815	1
680	815	1
681	815	1
711	815	1
726	815	1
735	815	1
736	815	1
750	815	1
772	815	1
789	815	1
794	815	1
797	815	1
444	816	1
815	816	1
160	817	1
540	817	1
627	817	1
796	818	1
155	819	1
797	819	1
726	820	1
815	820	1
726	821	1
815	822	1
23	825	1
39	825	1
44	825	1
45	825	1
68	825	1
69	825	1
84	825	1
86	825	1
117	825	1
140	825	1
143	825	1
170	825	1
208	825	1
230	825	1
233	825	1
330	825	1
346	825	1
348	825	1
359	825	1
369	825	1
390	825	1
392	825	1
394	825	1
427	825	1
430	825	1
434	825	1
435	825	1
436	825	1
444	825	1
449	825	1
450	825	1
483	825	1
490	825	1
492	825	1
497	825	1
498	825	1
499	825	1
500	825	1
501	825	1
503	825	1
507	825	1
508	825	1
510	825	1
511	825	1
535	825	1
541	825	1
576	825	1
579	825	1
625	825	1
627	825	1
628	825	1
637	825	1
647	825	1
663	825	1
676	825	1
681	825	1
710	825	1
711	825	1
716	825	1
726	825	1
735	825	1
736	825	1
750	825	1
767	825	1
772	825	1
787	825	1
788	825	1
789	825	1
795	825	1
798	825	1
155	826	1
299	826	1
797	826	1
427	827	1
444	827	1
726	827	1
727	827	1
728	827	1
772	827	1
778	827	1
790	827	1
312	828	1
400	828	1
463	828	1
641	828	1
807	828	1
114	829	1
123	829	1
155	829	1
205	829	1
210	829	1
214	829	1
215	829	1
331	829	1
338	829	1
359	829	1
648	829	1
750	829	1
752	829	1
797	829	1
800	829	1
4	830	1
383	830	1
384	830	1
420	830	1
422	830	1
445	830	1
536	830	1
676	830	1
73	831	1
103	831	1
146	831	1
155	831	1
236	831	1
238	831	1
391	831	1
465	831	1
481	831	1
484	831	1
649	831	1
753	831	1
784	831	1
797	831	1
800	831	1
155	832	1
155	833	1
67	834	1
70	834	1
71	834	1
91	834	1
108	834	1
113	834	1
117	834	1
118	834	1
119	834	1
121	834	1
147	834	1
149	834	1
155	834	1
169	834	1
171	834	1
181	834	1
199	834	1
204	834	1
208	834	1
209	834	1
210	834	1
212	834	1
237	834	1
427	834	1
450	834	1
455	834	1
726	834	1
752	834	1
778	834	1
779	834	1
790	834	1
797	834	1
800	834	1
669	835	1
823	835	1
117	836	1
155	836	1
208	836	1
302	836	1
429	836	1
431	836	1
432	836	1
455	836	1
476	836	1
480	836	1
505	836	1
637	836	1
680	836	1
683	836	1
717	836	1
794	836	1
797	836	1
815	836	1
825	836	1
326	837	1
359	837	1
364	837	1
486	837	1
523	837	1
791	837	1
793	837	1
155	838	1
375	838	1
787	838	1
792	838	1
797	838	1
827	838	1
155	839	1
359	839	1
734	839	1
797	839	1
837	839	1
67	840	1
70	840	1
71	840	1
75	840	1
91	840	1
104	840	1
108	840	1
113	840	1
142	840	1
147	840	1
149	840	1
150	840	1
155	840	1
169	840	1
171	840	1
173	840	1
181	840	1
195	840	1
199	840	1
204	840	1
210	840	1
232	840	1
237	840	1
339	840	1
341	840	1
359	840	1
450	840	1
482	840	1
624	840	1
726	840	1
735	840	1
736	840	1
779	840	1
786	840	1
155	841	1
797	841	1
48	842	1
53	842	1
155	843	1
427	843	1
658	843	1
794	843	1
797	843	1
815	843	1
825	843	1
402	844	1
535	844	1
544	844	1
576	844	1
579	844	1
658	844	1
676	844	1
799	844	1
801	844	1
815	844	1
838	844	1
537	845	1
815	845	1
825	845	1
155	846	1
624	846	1
364	847	1
155	848	1
796	848	1
796	849	1
808	850	1
157	851	1
158	851	1
159	851	1
191	851	1
192	851	1
193	851	1
850	852	1
8	853	1
815	854	1
823	854	1
825	854	1
639	855	1
75	856	1
142	856	1
147	856	1
150	856	1
155	856	1
157	856	1
158	856	1
159	856	1
173	856	1
191	856	1
192	856	1
193	856	1
232	856	1
237	856	1
359	856	1
450	856	1
480	856	1
482	856	1
703	856	1
721	856	1
723	856	1
732	856	1
753	856	1
761	856	1
768	856	1
778	856	1
786	856	1
790	856	1
797	856	1
800	856	1
124	857	1
155	857	1
326	857	1
337	857	1
338	857	1
340	857	1
341	857	1
342	857	1
395	857	1
435	857	1
479	857	1
486	857	1
509	857	1
624	857	1
625	857	1
666	857	1
670	857	1
671	857	1
676	857	1
705	857	1
706	857	1
710	857	1
726	857	1
727	857	1
735	857	1
736	857	1
749	857	1
750	857	1
756	857	1
787	857	1
676	858	1
155	859	1
392	859	1
661	859	1
710	859	1
825	859	1
155	860	1
486	860	1
487	860	1
787	860	1
792	860	1
856	860	1
155	861	1
712	861	1
716	862	1
724	863	1
155	864	1
344	864	1
400	864	1
486	864	1
657	864	1
710	864	1
726	864	1
798	864	1
801	864	1
815	864	1
825	864	1
155	865	1
729	865	1
859	865	1
155	866	1
163	866	1
737	866	1
743	866	1
130	867	1
155	867	1
163	867	1
738	867	1
743	867	1
155	868	1
163	868	1
739	868	1
743	868	1
36	869	1
162	869	1
740	869	1
743	869	1
36	870	1
162	870	1
742	870	1
743	870	1
155	871	1
470	871	1
716	871	1
155	872	1
744	872	1
155	873	1
762	873	1
825	874	1
844	874	1
347	875	1
348	875	1
380	875	1
382	875	1
438	875	1
445	875	1
496	875	1
676	875	1
825	875	1
676	876	1
825	876	1
514	878	1
515	878	1
445	881	1
4	882	1
409	882	1
412	882	1
421	882	1
445	882	1
515	882	1
664	882	1
4	883	1
383	883	1
384	883	1
402	883	1
409	883	1
412	883	1
420	883	1
421	883	1
422	883	1
445	883	1
515	883	1
536	883	1
660	883	1
662	883	1
664	883	1
665	883	1
676	883	1
421	885	1
660	885	1
665	885	1
421	887	1
515	887	1
409	888	1
412	888	1
421	888	1
422	888	1
445	888	1
514	888	1
515	888	1
536	888	1
660	888	1
662	888	1
664	888	1
665	888	1
421	890	1
409	891	1
412	891	1
421	891	1
445	891	1
499	891	1
500	891	1
514	891	1
515	891	1
536	891	1
660	891	1
662	891	1
664	891	1
665	891	1
676	891	1
825	891	1
445	892	1
445	893	1
445	894	1
379	896	1
381	896	1
402	896	1
676	896	1
815	896	1
876	896	1
445	897	1
310	898	1
660	898	1
496	899	1
500	899	1
815	899	1
496	900	1
310	901	1
514	901	1
665	901	1
421	902	1
515	903	1
662	903	1
616	904	1
808	904	1
879	904	1
896	904	1
379	905	1
381	905	1
676	905	1
825	905	1
844	905	1
445	906	1
409	907	1
412	907	1
420	907	1
421	907	1
422	907	1
423	907	1
425	907	1
445	907	1
515	907	1
536	907	1
662	907	1
664	907	1
676	907	1
898	907	1
901	907	1
471	908	1
493	908	1
668	908	1
825	908	1
844	908	1
879	908	1
362	909	1
379	909	1
381	909	1
402	909	1
438	909	1
516	909	1
517	909	1
521	909	1
676	909	1
820	909	1
822	909	1
824	909	1
825	909	1
844	909	1
875	909	1
876	909	1
891	909	1
907	909	1
908	909	1
421	910	1
423	911	1
425	911	1
496	911	1
672	911	1
907	911	1
496	913	1
875	914	1
896	914	1
909	914	1
423	915	1
425	915	1
445	915	1
381	916	1
618	916	1
662	916	1
665	916	1
676	916	1
825	916	1
844	916	1
909	916	1
912	917	1
445	918	1
445	919	1
409	920	1
412	920	1
421	920	1
422	920	1
445	920	1
515	920	1
536	920	1
662	920	1
664	920	1
676	920	1
815	920	1
825	920	1
898	920	1
900	920	1
901	920	1
884	921	1
910	921	1
421	922	1
815	922	1
825	922	1
909	922	1
518	923	1
519	923	1
914	925	1
438	926	1
825	926	1
900	927	1
911	927	1
913	927	1
911	928	1
913	928	1
909	929	1
669	930	1
788	930	1
815	930	1
825	930	1
929	930	1
835	931	1
836	931	1
438	932	1
823	932	1
891	932	1
909	932	1
911	932	1
913	932	1
824	933	1
930	933	1
929	934	1
933	934	1
46	935	1
155	935	1
590	935	1
445	937	1
640	937	1
155	938	1
192	938	1
229	938	1
350	938	1
435	938	1
449	938	1
483	938	1
661	938	1
676	938	1
767	938	1
772	938	1
787	938	1
825	938	1
155	939	1
486	939	1
676	939	1
786	939	1
787	939	1
792	939	1
856	939	1
155	940	1
167	940	1
192	940	1
194	940	1
215	940	1
238	940	1
306	940	1
444	940	1
676	940	1
769	940	1
155	941	1
192	941	1
435	941	1
444	941	1
482	941	1
624	941	1
676	941	1
770	941	1
774	941	1
775	941	1
215	942	1
238	942	1
676	942	1
215	943	1
238	943	1
676	943	1
155	944	1
228	944	1
435	944	1
444	944	1
483	944	1
676	944	1
771	944	1
811	944	1
829	944	1
831	944	1
834	944	1
840	944	1
938	944	1
486	945	1
676	945	1
787	945	1
792	945	1
155	946	1
191	946	1
208	946	1
444	946	1
486	946	1
657	946	1
676	946	1
772	946	1
787	946	1
811	946	1
815	946	1
820	946	1
825	946	1
827	946	1
834	946	1
840	946	1
155	947	1
482	947	1
483	947	1
676	947	1
773	947	1
938	947	1
944	947	1
945	947	1
166	948	1
215	948	1
219	948	1
238	948	1
676	948	1
676	949	1
166	950	1
197	950	1
200	950	1
215	950	1
220	950	1
468	950	1
676	950	1
676	951	1
155	952	1
166	952	1
215	952	1
220	952	1
221	952	1
223	952	1
228	952	1
676	952	1
949	952	1
155	953	1
166	953	1
215	953	1
220	953	1
222	953	1
223	953	1
228	953	1
676	953	1
951	953	1
155	954	1
444	954	1
482	954	1
676	954	1
155	955	1
194	955	1
215	955	1
220	955	1
676	955	1
776	955	1
155	956	1
194	956	1
676	956	1
155	957	1
167	957	1
168	957	1
193	957	1
194	957	1
215	957	1
238	957	1
306	957	1
444	957	1
676	957	1
777	957	1
155	958	1
167	958	1
168	958	1
193	958	1
194	958	1
215	958	1
238	958	1
306	958	1
419	958	1
444	958	1
676	958	1
155	959	1
215	959	1
326	959	1
337	959	1
338	959	1
340	959	1
341	959	1
395	959	1
435	959	1
479	959	1
486	959	1
624	959	1
625	959	1
670	959	1
671	959	1
676	959	1
787	959	1
827	959	1
938	959	1
946	959	1
260	960	1
377	960	1
397	960	1
607	960	1
694	960	1
272	961	1
397	961	1
693	961	1
694	961	1
960	961	1
603	962	1
606	962	1
607	962	1
960	962	1
520	964	1
335	965	1
624	966	1
702	966	1
825	966	1
844	966	1
396	967	1
411	967	1
801	967	1
396	968	1
676	968	1
801	968	1
155	969	1
676	969	1
710	969	1
724	969	1
726	969	1
938	969	1
944	969	1
946	969	1
676	970	1
710	970	1
815	970	1
825	970	1
938	970	1
969	970	1
702	971	1
793	971	1
801	971	1
847	971	1
676	973	1
627	974	1
318	975	1
416	975	1
975	976	1
695	977	1
978	979	1
978	980	1
977	981	1
979	981	1
980	981	1
305	982	1
318	982	1
416	982	1
473	982	1
504	982	1
506	982	1
696	982	1
697	982	1
924	982	1
963	982	1
975	982	1
976	982	1
981	982	1
416	983	1
416	985	1
417	985	1
418	985	1
416	986	1
417	986	1
418	986	1
963	986	1
975	986	1
982	986	1
984	986	1
985	986	1
416	987	1
418	987	1
426	987	1
963	987	1
975	987	1
982	987	1
983	987	1
984	987	1
975	988	1
312	989	1
344	989	1
486	989	1
641	989	1
642	989	1
807	989	1
486	990	1
544	991	1
668	991	1
676	991	1
825	991	1
844	991	1
265	992	1
265	993	1
280	995	1
552	997	1
597	998	1
361	999	1
676	1003	1
1002	1003	1
363	1004	1
399	1004	1
23	1005	1
303	1005	1
337	1005	1
338	1005	1
339	1005	1
340	1005	1
341	1005	1
374	1005	1
450	1005	1
479	1005	1
535	1005	1
670	1005	1
959	1005	1
401	1006	1
445	1007	1
660	1007	1
665	1007	1
885	1007	1
890	1007	1
445	1009	1
445	1010	1
666	1011	1
885	1011	1
890	1011	1
666	1012	1
662	1013	1
664	1013	1
885	1013	1
890	1013	1
662	1014	1
664	1014	1
885	1014	1
890	1014	1
902	1014	1
662	1015	1
664	1015	1
885	1015	1
890	1015	1
1013	1015	1
445	1016	1
660	1016	1
665	1016	1
885	1016	1
890	1016	1
902	1016	1
445	1017	1
885	1017	1
890	1017	1
1007	1017	1
660	1018	1
665	1018	1
515	1019	1
885	1019	1
890	1019	1
445	1020	1
535	1020	1
676	1020	1
991	1020	1
337	1021	1
338	1021	1
340	1021	1
341	1021	1
401	1022	1
444	1023	1
666	1023	1
36	1024	1
160	1025	1
676	1025	1
481	1026	1
508	1026	1
794	1026	1
845	1027	1
162	1028	1
700	1028	1
866	1028	1
867	1028	1
868	1028	1
97	1029	1
36	1030	1
322	1030	1
680	1030	1
700	1030	1
869	1030	1
870	1030	1
1024	1030	1
597	1031	1
421	1032	1
515	1032	1
845	1033	1
335	1034	1
652	1035	1
652	1036	1
408	1037	1
591	1037	1
629	1037	1
299	1038	1
453	1038	1
518	1038	1
798	1038	1
801	1038	1
390	1039	1
521	1039	1
547	1039	1
613	1039	1
619	1039	1
635	1039	1
798	1039	1
801	1039	1
826	1039	1
300	1041	1
598	1041	1
1040	1041	1
117	1042	1
208	1042	1
452	1042	1
454	1042	1
466	1042	1
686	1042	1
798	1043	1
888	1044	1
927	1044	1
932	1044	1
396	1045	1
524	1045	1
635	1045	1
676	1045	1
815	1045	1
844	1045	1
1043	1045	1
304	1046	1
500	1046	1
612	1046	1
815	1046	1
899	1046	1
900	1046	1
911	1046	1
913	1046	1
920	1046	1
927	1046	1
932	1046	1
444	1047	1
815	1047	1
825	1047	1
700	1048	1
802	1048	1
803	1048	1
829	1048	1
909	1049	1
256	1052	1
264	1052	1
267	1052	1
313	1052	1
525	1052	1
1051	1052	1
1050	1053	1
255	1054	1
258	1054	1
263	1054	1
1053	1055	1
1054	1055	1
246	1056	1
1053	1056	1
260	1057	1
377	1057	1
502	1057	1
1053	1057	1
319	1058	1
375	1058	1
482	1058	1
552	1059	1
556	1059	1
557	1059	1
563	1059	1
155	1060	1
215	1060	1
486	1060	1
840	1060	1
938	1060	1
939	1060	1
946	1060	1
959	1060	1
1005	1060	1
124	1061	1
155	1061	1
486	1061	1
705	1061	1
710	1061	1
711	1061	1
726	1061	1
840	1061	1
857	1061	1
325	1064	1
416	1064	1
472	1064	1
676	1064	1
983	1064	1
985	1064	1
988	1064	1
996	1064	1
433	1065	1
442	1065	1
676	1065	1
1062	1065	1
1064	1066	1
667	1067	1
676	1067	1
676	1068	1
1064	1068	1
253	1069	1
254	1069	1
676	1070	1
1063	1070	1
676	1071	1
972	1071	1
973	1071	1
1065	1071	1
23	1072	1
482	1072	1
702	1072	1
716	1072	1
729	1072	1
736	1072	1
941	1072	1
947	1072	1
155	1073	1
163	1073	1
334	1074	1
486	1074	1
465	1076	1
676	1077	1
815	1077	1
999	1078	1
1026	1078	1
101	1079	1
317	1079	1
378	1079	1
350	1080	1
444	1080	1
726	1080	1
946	1080	1
155	1081	1
194	1081	1
202	1081	1
435	1081	1
450	1081	1
479	1081	1
482	1081	1
486	1081	1
624	1081	1
625	1081	1
671	1081	1
786	1081	1
787	1081	1
792	1081	1
793	1081	1
825	1081	1
840	1081	1
959	1081	1
1005	1081	1
1008	1081	1
1021	1081	1
23	1082	1
155	1082	1
303	1082	1
435	1082	1
450	1082	1
484	1082	1
486	1082	1
624	1082	1
786	1082	1
787	1082	1
792	1082	1
793	1082	1
825	1082	1
840	1082	1
959	1082	1
1005	1082	1
1021	1082	1
1072	1082	1
416	1083	1
417	1083	1
418	1083	1
426	1083	1
986	1083	1
987	1083	1
692	1084	1
1057	1084	1
627	1085	1
365	1086	1
836	1086	1
365	1087	1
408	1088	1
524	1088	1
1035	1089	1
1036	1089	1
241	1090	1
1091	1092	1
397	1094	1
397	1095	1
1094	1095	1
247	1096	1
397	1097	1
254	1099	1
307	1099	1
1098	1099	1
1097	1100	1
282	1101	1
294	1101	1
634	1101	1
1093	1101	1
1091	1103	1
1103	1104	1
241	1105	1
296	1105	1
397	1105	1
246	1106	1
246	1108	1
266	1108	1
1054	1108	1
1057	1108	1
307	1110	1
397	1110	1
1109	1110	1
247	1111	1
249	1113	1
241	1114	1
960	1114	1
961	1114	1
250	1115	1
1050	1116	1
1107	1116	1
1108	1116	1
1113	1116	1
309	1118	1
397	1118	1
401	1118	1
462	1118	1
495	1118	1
513	1118	1
634	1118	1
636	1118	1
999	1118	1
1117	1118	1
254	1119	1
254	1120	1
1119	1120	1
1069	1122	1
1069	1123	1
1118	1123	1
397	1124	1
1124	1126	1
282	1127	1
634	1127	1
1069	1127	1
1093	1127	1
1123	1127	1
1124	1127	1
1125	1127	1
252	1128	1
315	1128	1
1075	1128	1
255	1130	1
397	1130	1
1114	1130	1
1129	1130	1
1114	1131	1
263	1132	1
397	1132	1
1114	1132	1
376	1133	1
401	1133	1
1006	1133	1
1022	1133	1
1026	1133	1
397	1135	1
1127	1135	1
1110	1136	1
241	1140	1
1105	1140	1
692	1141	1
694	1141	1
282	1143	1
289	1143	1
294	1143	1
634	1143	1
1093	1143	1
397	1144	1
446	1146	1
1050	1146	1
1106	1146	1
285	1147	1
694	1147	1
960	1147	1
281	1148	1
401	1148	1
1115	1148	1
397	1149	1
1094	1149	1
1095	1149	1
1124	1149	1
254	1151	1
307	1151	1
1099	1151	1
1110	1151	1
263	1152	1
270	1152	1
377	1152	1
502	1152	1
1114	1152	1
1137	1153	1
245	1154	1
314	1154	1
1026	1155	1
1153	1155	1
611	1156	1
269	1158	1
692	1162	1
694	1162	1
936	1162	1
1094	1162	1
1147	1162	1
397	1163	1
692	1163	1
693	1163	1
1001	1163	1
1094	1163	1
1102	1163	1
1147	1163	1
1162	1163	1
397	1167	1
693	1167	1
694	1167	1
936	1167	1
1001	1167	1
1147	1167	1
1165	1167	1
1166	1167	1
246	1168	1
266	1168	1
290	1168	1
1050	1168	1
1052	1168	1
1052	1169	1
1092	1169	1
1155	1169	1
243	1170	1
269	1170	1
961	1170	1
1117	1170	1
1170	1171	1
1100	1172	1
1118	1173	1
269	1174	1
282	1174	1
294	1174	1
309	1174	1
634	1174	1
1093	1174	1
1135	1174	1
1147	1174	1
1170	1174	1
1172	1174	1
261	1176	1
1153	1176	1
1175	1176	1
1101	1177	1
1143	1177	1
1097	1178	1
1142	1178	1
259	1179	1
1069	1179	1
253	1180	1
1097	1180	1
1098	1180	1
1123	1180	1
1124	1180	1
1127	1180	1
1177	1180	1
1178	1180	1
1098	1181	1
1151	1181	1
1180	1181	1
1155	1182	1
1157	1183	1
271	1184	1
1138	1184	1
1121	1185	1
1157	1185	1
1185	1186	1
309	1188	1
397	1188	1
462	1188	1
513	1188	1
636	1188	1
999	1188	1
1123	1188	1
961	1189	1
1130	1189	1
1131	1189	1
1134	1189	1
1093	1190	1
1101	1190	1
1110	1190	1
1123	1190	1
1143	1190	1
1153	1191	1
1169	1191	1
288	1192	1
289	1192	1
291	1192	1
1172	1192	1
961	1193	1
397	1194	1
960	1194	1
961	1195	1
397	1196	1
960	1196	1
1056	1197	1
1137	1197	1
1138	1197	1
1139	1197	1
1148	1197	1
265	1198	1
280	1198	1
549	1198	1
551	1198	1
1103	1198	1
1157	1198	1
1183	1198	1
1191	1198	1
1118	1199	1
1126	1199	1
252	1200	1
315	1200	1
545	1200	1
1000	1200	1
1075	1200	1
296	1201	1
1170	1203	1
280	1205	1
525	1205	1
1052	1205	1
1204	1205	1
247	1206	1
255	1206	1
275	1206	1
548	1206	1
961	1206	1
1054	1206	1
1094	1206	1
1130	1206	1
1131	1206	1
1156	1206	1
1158	1206	1
1203	1206	1
244	1207	1
251	1207	1
273	1207	1
274	1207	1
276	1207	1
371	1207	1
377	1207	1
1197	1207	1
251	1208	1
273	1208	1
274	1208	1
1115	1208	1
1148	1208	1
1168	1210	1
1197	1210	1
267	1211	1
262	1212	1
281	1212	1
249	1213	1
961	1214	1
1130	1214	1
397	1216	1
1057	1216	1
1135	1216	1
257	1217	1
397	1217	1
961	1217	1
1095	1217	1
1112	1217	1
1124	1217	1
1127	1217	1
1180	1217	1
1124	1218	1
1217	1218	1
272	1219	1
1130	1219	1
268	1220	1
397	1220	1
602	1220	1
692	1220	1
1114	1220	1
1134	1220	1
1145	1220	1
1147	1220	1
1150	1220	1
1162	1220	1
1163	1220	1
1206	1220	1
1214	1220	1
1215	1220	1
1219	1220	1
245	1221	1
1157	1221	1
1198	1221	1
1052	1223	1
1204	1223	1
284	1224	1
1187	1225	1
246	1226	1
1050	1226	1
1187	1226	1
1209	1226	1
1225	1226	1
1113	1227	1
1152	1227	1
1209	1227	1
1212	1228	1
241	1229	1
296	1229	1
687	1230	1
611	1231	1
1131	1231	1
1156	1231	1
1170	1232	1
282	1233	1
1157	1234	1
1183	1234	1
259	1235	1
397	1235	1
1101	1235	1
1127	1235	1
1143	1235	1
1174	1235	1
397	1236	1
1099	1236	1
1101	1236	1
1123	1236	1
1127	1236	1
1143	1236	1
1151	1236	1
1174	1236	1
397	1237	1
1191	1238	1
1238	1239	1
1103	1240	1
1104	1241	1
397	1242	1
1135	1242	1
269	1243	1
611	1243	1
1130	1244	1
397	1245	1
961	1245	1
1180	1245	1
397	1246	1
961	1246	1
1180	1246	1
1110	1247	1
1159	1248	1
1198	1248	1
1222	1248	1
1234	1248	1
287	1249	1
1139	1249	1
1160	1249	1
1161	1249	1
1142	1250	1
1250	1251	1
1100	1252	1
1129	1252	1
1100	1254	1
1101	1257	1
1124	1257	1
1143	1257	1
1149	1257	1
1170	1257	1
1095	1258	1
1101	1258	1
1124	1258	1
1143	1258	1
1164	1258	1
1170	1258	1
293	1259	1
397	1259	1
1101	1259	1
1127	1259	1
1143	1259	1
1174	1259	1
1180	1259	1
1231	1259	1
248	1260	1
1164	1260	1
1054	1261	1
1257	1261	1
1142	1262	1
293	1263	1
1117	1263	1
1118	1263	1
397	1264	1
1095	1264	1
1180	1264	1
397	1265	1
1180	1265	1
1231	1265	1
255	1266	1
1100	1266	1
1131	1266	1
1206	1266	1
1259	1266	1
1265	1266	1
397	1269	1
1263	1269	1
1267	1269	1
1192	1270	1
1269	1271	1
1102	1273	1
1163	1273	1
1254	1274	1
397	1276	1
1206	1276	1
1100	1277	1
1056	1278	1
1251	1278	1
1259	1278	1
1263	1278	1
1268	1278	1
1277	1278	1
397	1279	1
1149	1279	1
1255	1279	1
289	1280	1
1095	1280	1
397	1281	1
1272	1281	1
1275	1281	1
1101	1282	1
1124	1282	1
1143	1282	1
1170	1282	1
397	1283	1
1095	1283	1
1135	1283	1
1143	1283	1
397	1284	1
1253	1284	1
1256	1284	1
1281	1284	1
1095	1285	1
255	1286	1
294	1286	1
1185	1287	1
397	1288	1
1193	1288	1
1195	1288	1
1194	1289	1
1196	1289	1
397	1290	1
1206	1290	1
293	1291	1
1100	1291	1
1101	1291	1
1127	1291	1
1143	1291	1
1174	1291	1
1178	1291	1
1278	1291	1
293	1292	1
1233	1292	1
1278	1292	1
1242	1293	1
397	1295	1
1101	1295	1
1135	1295	1
1143	1295	1
1180	1295	1
1231	1295	1
1266	1295	1
241	1296	1
284	1296	1
1174	1296	1
1285	1296	1
1135	1297	1
1294	1298	1
397	1299	1
594	1299	1
936	1299	1
1001	1299	1
1101	1299	1
1143	1299	1
1174	1299	1
1251	1299	1
1297	1299	1
1298	1299	1
241	1300	1
1127	1300	1
1296	1300	1
545	1301	1
1051	1301	1
335	1302	1
414	1302	1
676	1302	1
1025	1302	1
298	1303	1
334	1303	1
396	1303	1
428	1303	1
429	1303	1
430	1303	1
620	1303	1
676	1303	1
882	1303	1
883	1303	1
886	1303	1
887	1303	1
888	1303	1
889	1303	1
891	1303	1
902	1303	1
913	1303	1
917	1303	1
920	1303	1
155	1304	1
372	1304	1
374	1304	1
508	1304	1
509	1304	1
512	1304	1
676	1304	1
710	1304	1
711	1304	1
712	1304	1
726	1304	1
738	1304	1
743	1304	1
744	1304	1
762	1304	1
764	1304	1
796	1304	1
825	1304	1
329	1305	1
433	1305	1
442	1305	1
477	1305	1
972	1305	1
973	1305	1
1064	1305	1
1065	1305	1
1067	1305	1
1068	1305	1
1071	1305	1
1063	1306	1
1070	1306	1
591	1307	1
4	1308	1
383	1308	1
384	1308	1
421	1308	1
515	1308	1
875	1308	1
396	1309	1
402	1309	1
325	1310	1
360	1311	1
360	1312	1
359	1313	1
753	1313	1
786	1313	1
359	1314	1
753	1314	1
831	1314	1
560	1316	1
874	1316	1
909	1316	1
965	1316	1
1034	1316	1
1302	1316	1
304	1318	1
363	1318	1
471	1318	1
486	1318	1
635	1318	1
668	1318	1
798	1318	1
801	1318	1
396	1319	1
676	1319	1
486	1320	1
787	1320	1
824	1320	1
825	1320	1
827	1320	1
834	1320	1
844	1320	1
911	1320	1
913	1320	1
929	1320	1
535	1321	1
627	1322	1
535	1323	1
676	1323	1
785	1323	1
1323	1324	1
516	1325	1
517	1326	1
535	1326	1
676	1326	1
836	1327	1
262	1328	1
676	1329	1
1128	1330	1
1200	1330	1
545	1331	1
305	1332	1
441	1332	1
695	1332	1
977	1332	1
978	1332	1
980	1332	1
981	1332	1
982	1332	1
983	1332	1
984	1332	1
985	1332	1
986	1332	1
987	1332	1
988	1332	1
1064	1332	1
1083	1332	1
726	1333	1
946	1333	1
726	1334	1
946	1334	1
438	1336	1
874	1336	1
875	1336	1
877	1336	1
880	1336	1
881	1336	1
897	1336	1
899	1336	1
900	1336	1
906	1336	1
911	1336	1
912	1336	1
914	1336	1
915	1336	1
916	1336	1
918	1336	1
919	1336	1
925	1336	1
932	1336	1
934	1336	1
597	1337	1
1067	1338	1
1315	1338	1
1317	1338	1
1335	1338	1
65	1339	1
102	1339	1
167	1339	1
194	1339	1
482	1339	1
705	1339	1
1005	1339	1
91	1340	1
108	1340	1
110	1340	1
113	1340	1
125	1340	1
128	1340	1
155	1340	1
181	1340	1
199	1340	1
201	1340	1
204	1340	1
216	1340	1
218	1340	1
476	1340	1
666	1340	1
705	1340	1
706	1340	1
709	1340	1
717	1340	1
735	1340	1
1005	1340	1
1008	1340	1
1081	1340	1
178	1341	1
238	1341	1
450	1341	1
486	1341	1
670	1341	1
787	1341	1
792	1341	1
793	1341	1
959	1341	1
1005	1341	1
100	1342	1
106	1342	1
107	1342	1
145	1342	1
184	1342	1
189	1342	1
197	1342	1
198	1342	1
227	1342	1
705	1342	1
831	1342	1
1005	1342	1
97	1343	1
186	1343	1
102	1344	1
194	1344	1
705	1344	1
1005	1344	1
1340	1344	1
97	1345	1
111	1345	1
186	1345	1
202	1345	1
539	1345	1
666	1345	1
707	1345	1
1021	1345	1
1339	1345	1
1342	1345	1
80	1347	1
100	1347	1
101	1347	1
155	1347	1
178	1347	1
189	1347	1
190	1347	1
666	1347	1
705	1347	1
749	1347	1
831	1347	1
1005	1347	1
1341	1347	1
77	1348	1
78	1348	1
101	1348	1
155	1348	1
175	1348	1
176	1348	1
190	1348	1
297	1348	1
666	1348	1
705	1348	1
750	1348	1
766	1348	1
829	1348	1
831	1348	1
1005	1348	1
435	1349	1
450	1349	1
479	1349	1
482	1349	1
486	1349	1
624	1349	1
625	1349	1
670	1349	1
671	1349	1
787	1349	1
792	1349	1
793	1349	1
829	1349	1
959	1349	1
1005	1349	1
1348	1349	1
21	1350	1
126	1350	1
146	1350	1
150	1350	1
151	1350	1
155	1350	1
217	1350	1
236	1350	1
666	1350	1
705	1350	1
709	1350	1
735	1350	1
754	1350	1
836	1350	1
1005	1350	1
1081	1350	1
1311	1350	1
1312	1350	1
1344	1350	1
1348	1350	1
251	1351	1
281	1351	1
1071	1352	1
1305	1352	1
676	1353	1
830	1353	1
882	1353	1
883	1353	1
909	1353	1
1317	1354	1
1338	1354	1
1335	1355	1
1354	1355	1
627	1356	1
155	1357	1
625	1357	1
676	1357	1
710	1357	1
724	1357	1
725	1357	1
726	1357	1
755	1357	1
938	1357	1
942	1357	1
944	1357	1
945	1357	1
946	1357	1
260	1358	1
1168	1358	1
1006	1359	1
676	1360	1
817	1360	1
32	1361	1
445	1362	1
885	1362	1
888	1362	1
311	1363	1
445	1363	1
533	1363	1
396	1364	1
676	1364	1
787	1364	1
827	1364	1
856	1364	1
1074	1364	1
1303	1364	1
374	1365	1
676	1365	1
908	1366	1
676	1367	1
304	1368	1
363	1369	1
395	1369	1
421	1369	1
437	1369	1
444	1369	1
447	1369	1
471	1369	1
485	1369	1
515	1369	1
521	1369	1
523	1369	1
768	1369	1
794	1369	1
807	1369	1
828	1369	1
837	1369	1
860	1369	1
864	1369	1
909	1369	1
1004	1369	1
1318	1369	1
1323	1369	1
475	1370	1
1064	1371	1
1332	1371	1
486	1372	1
400	1373	1
486	1373	1
521	1373	1
772	1373	1
807	1373	1
841	1373	1
864	1373	1
899	1373	1
909	1373	1
932	1373	1
1049	1373	1
1318	1373	1
1320	1373	1
344	1374	1
375	1374	1
463	1374	1
526	1374	1
544	1374	1
991	1374	1
1318	1374	1
301	1375	1
421	1375	1
463	1375	1
518	1375	1
521	1375	1
662	1375	1
664	1375	1
810	1375	1
1004	1375	1
1318	1375	1
286	1376	1
1198	1376	1
1373	1377	1
840	1378	1
857	1378	1
959	1378	1
521	1379	1
772	1379	1
810	1379	1
828	1379	1
841	1379	1
864	1379	1
726	1380	1
946	1380	1
1032	1381	1
155	1382	1
724	1382	1
738	1382	1
740	1382	1
742	1382	1
944	1382	1
950	1382	1
952	1382	1
953	1382	1
1357	1382	1
155	1383	1
710	1383	1
716	1383	1
724	1383	1
743	1383	1
938	1383	1
941	1383	1
944	1383	1
954	1383	1
1357	1383	1
322	1384	1
330	1384	1
691	1384	1
155	1385	1
724	1385	1
738	1385	1
740	1385	1
742	1385	1
762	1385	1
944	1385	1
950	1385	1
952	1385	1
953	1385	1
957	1385	1
1357	1385	1
155	1386	1
710	1386	1
716	1386	1
724	1386	1
764	1386	1
938	1386	1
941	1386	1
944	1386	1
958	1386	1
1357	1386	1
811	1387	1
815	1387	1
1028	1387	1
1028	1388	1
1030	1388	1
392	1389	1
811	1389	1
825	1389	1
1030	1389	1
522	1390	1
565	1390	1
566	1390	1
851	1390	1
576	1391	1
726	1391	1
851	1391	1
946	1391	1
44	1392	1
661	1392	1
710	1392	1
938	1392	1
576	1393	1
657	1393	1
726	1393	1
946	1393	1
1346	1394	1
1390	1394	1
1394	1395	1
488	1396	1
522	1396	1
488	1397	1
1395	1397	1
1396	1398	1
280	1399	1
309	1399	1
451	1399	1
1006	1399	1
1233	1399	1
525	1400	1
530	1400	1
550	1400	1
646	1400	1
1399	1400	1
1399	1401	1
1399	1402	1
421	1403	1
444	1404	1
825	1404	1
1035	1404	1
304	1405	1
444	1405	1
509	1405	1
511	1405	1
541	1405	1
815	1405	1
1036	1405	1
360	1406	1
444	1406	1
643	1406	1
350	1407	1
444	1407	1
508	1407	1
510	1407	1
680	1407	1
1407	1408	1
1407	1409	1
445	1410	1
639	1410	1
666	1410	1
1370	1410	1
153	1411	1
386	1411	1
452	1411	1
454	1411	1
386	1412	1
452	1412	1
386	1413	1
452	1413	1
454	1413	1
387	1414	1
386	1415	1
452	1415	1
386	1416	1
452	1416	1
454	1416	1
386	1417	1
454	1417	1
386	1418	1
452	1418	1
454	1418	1
386	1419	1
452	1419	1
454	1419	1
386	1420	1
454	1420	1
386	1421	1
452	1421	1
454	1421	1
386	1422	1
452	1422	1
454	1422	1
386	1423	1
452	1423	1
454	1423	1
386	1424	1
386	1425	1
454	1425	1
76	1426	1
80	1426	1
81	1426	1
92	1426	1
93	1426	1
100	1426	1
101	1426	1
145	1426	1
174	1426	1
178	1426	1
179	1426	1
183	1426	1
184	1426	1
189	1426	1
190	1426	1
227	1426	1
235	1426	1
317	1426	1
378	1426	1
388	1426	1
1079	1426	1
421	1427	1
515	1427	1
815	1427	1
825	1427	1
910	1427	1
1019	1427	1
1308	1427	1
91	1428	1
146	1428	1
391	1428	1
831	1428	1
317	1429	1
344	1429	1
447	1429	1
486	1429	1
641	1429	1
1377	1429	1
304	1430	1
500	1430	1
899	1430	1
900	1430	1
911	1430	1
913	1430	1
1368	1430	1
400	1431	1
1377	1431	1
1429	1431	1
340	1432	1
762	1432	1
764	1432	1
155	1433	1
705	1433	1
706	1433	1
716	1433	1
739	1433	1
857	1433	1
1432	1433	1
83	1434	1
91	1434	1
140	1434	1
141	1434	1
146	1434	1
155	1434	1
180	1434	1
181	1434	1
230	1434	1
231	1434	1
236	1434	1
391	1434	1
1428	1434	1
340	1435	1
736	1435	1
251	1436	1
273	1436	1
274	1436	1
276	1436	1
389	1436	1
638	1436	1
1207	1436	1
1351	1436	1
324	1437	1
1304	1437	1
148	1438	1
155	1438	1
238	1438	1
340	1438	1
705	1438	1
753	1438	1
831	1438	1
857	1438	1
959	1438	1
1005	1438	1
1060	1438	1
1061	1438	1
1433	1438	1
535	1439	1
676	1439	1
991	1439	1
1004	1439	1
1020	1439	1
1141	1441	1
1358	1441	1
396	1442	1
403	1442	1
406	1442	1
443	1442	1
396	1443	1
407	1443	1
815	1443	1
836	1443	1
334	1444	1
1303	1444	1
396	1445	1
524	1445	1
630	1445	1
835	1446	1
925	1446	1
930	1446	1
347	1448	1
438	1448	1
825	1448	1
909	1448	1
1447	1448	1
822	1449	1
822	1450	1
835	1451	1
925	1451	1
930	1451	1
909	1452	1
815	1453	1
909	1453	1
909	1454	1
835	1455	1
925	1455	1
1453	1456	1
835	1457	1
930	1457	1
930	1458	1
66	1459	1
78	1459	1
80	1459	1
96	1459	1
101	1459	1
145	1459	1
155	1459	1
168	1459	1
176	1459	1
178	1459	1
185	1459	1
190	1459	1
235	1459	1
155	1460	1
522	1460	1
1390	1460	1
1398	1460	1
445	1461	1
1377	1461	1
37	1462	1
72	1462	1
131	1462	1
134	1462	1
138	1462	1
1405	1462	1
815	1463	1
825	1464	1
605	1465	1
692	1465	1
960	1465	1
961	1465	1
962	1465	1
1057	1465	1
1102	1465	1
1220	1465	1
1273	1465	1
360	1466	1
480	1466	1
150	1467	1
155	1467	1
705	1467	1
735	1467	1
736	1467	1
750	1467	1
1005	1467	1
1081	1467	1
1082	1467	1
1349	1467	1
83	1468	1
143	1468	1
144	1468	1
146	1468	1
180	1468	1
233	1468	1
234	1468	1
236	1468	1
359	1469	1
478	1469	1
691	1469	1
1466	1469	1
359	1470	1
718	1470	1
840	1470	1
856	1470	1
515	1471	1
676	1471	1
894	1471	1
595	1472	1
359	1473	1
478	1473	1
684	1473	1
691	1473	1
797	1473	1
1466	1473	1
23	1474	1
1027	1474	1
150	1475	1
457	1475	1
805	1475	1
806	1475	1
966	1475	1
971	1475	1
1027	1475	1
301	1476	1
384	1476	1
486	1476	1
676	1476	1
810	1476	1
895	1476	1
907	1476	1
1369	1476	1
1403	1476	1
65	1477	1
66	1477	1
84	1477	1
86	1477	1
102	1477	1
155	1477	1
167	1477	1
168	1477	1
194	1477	1
735	1477	1
1081	1477	1
242	1478	1
253	1478	1
255	1478	1
261	1478	1
267	1478	1
269	1478	1
271	1478	1
272	1478	1
278	1478	1
279	1478	1
280	1478	1
283	1478	1
287	1478	1
300	1478	1
358	1478	1
361	1478	1
446	1478	1
451	1478	1
528	1478	1
529	1478	1
542	1478	1
550	1478	1
592	1478	1
594	1478	1
595	1478	1
596	1478	1
597	1478	1
598	1478	1
601	1478	1
609	1478	1
610	1478	1
646	1478	1
693	1478	1
699	1478	1
961	1478	1
994	1478	1
998	1478	1
1006	1478	1
1031	1478	1
1041	1478	1
1052	1478	1
1057	1478	1
1078	1478	1
1084	1478	1
1092	1478	1
1093	1478	1
1105	1478	1
1118	1478	1
1123	1478	1
1134	1478	1
1157	1478	1
1170	1478	1
1176	1478	1
1183	1478	1
1185	1478	1
1198	1478	1
1202	1478	1
1207	1478	1
1220	1478	1
1229	1478	1
1233	1478	1
1248	1478	1
1328	1478	1
1337	1478	1
1399	1478	1
1400	1478	1
1440	1478	1
242	1479	1
253	1479	1
292	1479	1
300	1479	1
358	1479	1
596	1479	1
597	1479	1
609	1479	1
699	1479	1
994	1479	1
998	1479	1
1092	1479	1
1147	1479	1
1155	1479	1
1176	1479	1
1207	1479	1
1220	1479	1
1399	1479	1
